-93.82297 27.87269
-93.82298 27.87359
-93.82246 27.87269
-93.82246 27.87314
-93.82196 27.87314
-93.82197 27.87405
-93.82145 27.8727
-93.82146 27.87405
-93.82094 27.8727
-93.81992 27.87316
-93.81944 27.87497
-93.81841 27.87497
-93.8179 27.87407
-93.81689 27.87408
-93.81639 27.87543
-93.81586 27.87363
-93.81535 27.87273
-93.81536 27.87409
-93.81537 27.87454
-93.81485 27.87319
-93.81486 27.87499
-93.81487 27.87589
-93.81487 27.87635
-93.81435 27.87499
-93.81436 27.8759
-93.81385 27.87545
-93.81385 27.8759
-93.81333 27.87455
-93.81283 27.87455
-93.81181 27.87456
-93.60346 27.91092
-93.6035 27.9186
-93.60293 27.90732
-93.60241 27.90506
-93.60242 27.90596
-93.60243 27.90867
-93.60244 27.91003
-93.60249 27.9195
-93.6019 27.90461
-93.60191 27.90687
-93.60141 27.90732
-93.60142 27.90868
-93.60143 27.91048
-93.60143 27.91093
-93.60143 27.91229
-93.60091 27.91048
-93.60092 27.91184
-93.6004 27.90868
-93.60041 27.91049
-93.59988 27.90643
-93.59988 27.90733
-93.5999 27.91094
-93.59937 27.90553
-93.59939 27.90959
-93.5994 27.91184
-93.59941 27.9141
-93.59885 27.90417
-93.59888 27.90914
-93.5989 27.91365
-93.59834 27.90463
-93.59836 27.90779
-93.59837 27.90869
-93.59838 27.91185
-93.59839 27.9123
-93.59784 27.90553
-93.59785 27.90734
-93.59785 27.90779
-93.59733 27.90463
-93.59682 27.90509
-93.59683 27.90644
-93.59684 27.90779
-93.59685 27.9096
-93.59631 27.90464
-93.59633 27.90734
-93.59634 27.9087
-93.81987 27.87498
-93.81472 27.87665
-93.81211 27.8739
-93.81461 27.87651
-93.81633 27.87645
-93.81318 27.87344
-93.81813 27.87339
-93.82032 27.87345
-93.81474 27.87573
-93.81771 27.87366
-93.81499 27.87565
-93.8198 27.87351
-93.81637 27.87536
-93.81913 27.87408
-93.81465 27.87319
-93.8185 27.87425
-93.82324 27.87347
-93.81397 27.87534
-93.8196 27.87436
-93.8144 27.87599
-93.82198 27.87321
-93.81878 27.87433
-93.81839 27.87521
-93.82136 27.8732
-93.59763 27.91192
-93.59792 27.91161
-93.59765 27.90396
-93.59826 27.91254
-93.60298 27.91891
-93.60068 27.91323
-93.60409 27.9081
-93.59984 27.91069
-93.60177 27.91956
-93.60016 27.91015
-93.60039 27.91114
-93.60043 27.91301
-93.60082 27.91357
-93.60107 27.91303
-93.60023 27.90471
-93.6009 27.906
-93.59791 27.90384
-93.60322 27.90976
-93.60312 27.91062
-93.59699 27.90941
-93.60374 27.90875
-93.60068 27.90639
-93.60224 27.90624
-93.60297 27.90639
-93.60113 27.90587
-93.60159 27.91251
-93.59974 27.91038
-93.60278 27.9077
-93.59638 27.90804
-93.59765 27.9118
-93.59672 27.90676
-93.59996 27.90602
-93.59883 27.90389
-93.60111 27.90937
-93.59698 27.9063
-93.59824 27.90606
-93.59926 27.90427
-93.60069 27.9133
-93.60373 27.91069
-93.60265 27.91918
-93.59718 27.90607
-93.59796 27.90974
-93.60158 27.91188
-93.60079 27.9105
-93.60266 27.90742
-93.6002 27.90835
-93.60304 27.91096
-93.59662 27.90638
-93.5991 27.90831
-93.60439 27.90906
-93.60336 27.90726
-93.60336 27.90816
-93.60338 27.91042
-93.60284 27.9059
-93.60284 27.90681
-93.60285 27.90726
-93.60286 27.90906
-93.60233 27.90545
-93.60234 27.90681
-93.60185 27.90997
-93.60131 27.90456
-93.60132 27.90636
-93.60133 27.90726
-93.60135 27.91178
-93.6003 27.90591
-93.60031 27.90817
-93.59983 27.91314
-93.59929 27.90592
-93.5993 27.90953
-93.59878 27.90592
-93.59879 27.90728
-93.59826 27.90457
-93.59827 27.90683
-93.59776 27.90457
-93.59777 27.90818
-93.59727 27.90773
-93.59674 27.90458
-93.59624 27.90548
-93.59628 27.90819
-93.60132 27.90591
-93.60235 27.90952
-93.60345 27.91002
-93.60042 27.91274
-93.60229 27.91921
-93.60244 27.91093
-93.60139 27.90552
-93.59634 27.90915
-93.59734 27.90689
-93.60242 27.90777
-93.59835 27.90553
-93.59886 27.90598
-93.60191 27.90777
-93.60193 27.90913
-93.60069 27.90701
-93.60142 27.90958
-93.60041 27.91094
-93.59939 27.90914
-93.5999 27.91049
-93.5994 27.91049
-93.59989 27.90823
-93.59887 27.90824
-93.59988 27.90778
-93.59836 27.90688
-93.59937 27.90733
-93.59938 27.90778
-93.59836 27.90734
-93.59786 27.90914
-93.59735 27.90869
-93.59835 27.90643
-93.59814 27.91068
-93.59737 27.91008
-93.5999 27.90601
-93.60352 27.91911
-93.59732 27.90373
-93.60242 27.90642
-93.59972 27.91436
-93.60271 27.90482
-93.59892 27.91327
-93.59637 27.90467
-93.81792 27.87588
-93.82043 27.8727
-93.81433 27.87229
-93.81688 27.87317
-93.81741 27.87588
-93.81231 27.8732
-93.81335 27.8759
-93.81841 27.87362
-93.81436 27.87635
-93.81282 27.8741
-93.81232 27.87456
-93.81384 27.87319
-93.82044 27.87406
-93.81334 27.87545
-93.81638 27.87363
-93.81892 27.87407
-93.81595 27.8764
-93.81689 27.87543
-93.81638 27.87498
-93.81946 27.875
-93.82249 27.87271
-93.81486 27.87322
-93.81439 27.87505
-93.82297 27.87224
-93.81184 27.87369
-93.60345 27.90957
-93.60294 27.90912
-93.60294 27.91002
-93.6019 27.90506
-93.60191 27.90642
-93.60198 27.91951
-93.6014 27.90687
-93.60141 27.90777
-93.60142 27.90913
-93.60143 27.91138
-93.60091 27.90823
-93.60091 27.90868
-93.60092 27.91093
-93.60038 27.90597
-93.6004 27.90778
-93.60042 27.91229
-93.59987 27.90462
-93.59988 27.90688
-93.5999 27.91004
-93.59991 27.91274
-93.59991 27.9132
-93.5994 27.9123
-93.5994 27.91275
-93.59887 27.90779
-93.59889 27.91185
-93.59889 27.9123
-93.59835 27.90598
-93.59785 27.90689
-93.59786 27.9096
-93.59733 27.90508
-93.59736 27.91005
-93.59683 27.90734
-93.60249 27.91815
-93.60147 27.91951
-93.59839 27.9132
-93.59682 27.90463
-93.59631 27.90509
-93.82195 27.87224
-93.82195 27.87269
-93.82196 27.8736
-93.82197 27.8745
-93.81993 27.87361
-93.81994 27.87496
-93.8179 27.87452
-93.81791 27.87543
-93.81739 27.87317
-93.81739 27.87362
-93.81741 27.87543
-93.81485 27.87364
-93.81435 27.87454
-93.81384 27.8741
-93.82348 27.87314
-93.82298 27.87314
-93.81133 27.87441
-93.81183 27.87486
-93.82099 27.87515
-93.81995 27.87524
-93.81946 27.87526
-93.81953 27.87553
-93.81879 27.87606
-93.81794 27.87618
-93.815 27.87691
-93.81578 27.87695
-93.59917 27.9031
-93.60375 27.90572
-93.59621 27.90711
-93.59617 27.90935
-93.60626 27.90932
-93.60581 27.90977
-93.60671 27.91021
-93.6048 27.91023
-93.59678 27.91117
-93.59718 27.91207
-93.59621 27.9166
-93.5962 27.91704
-93.60434 27.91881
-93.60333 27.92061
-93.6013 27.92108
-93.59893 27.92127
-93.60334 27.92197
-93.60233 27.92288
-93.59927 27.92289
-93.60233 27.92333
-93.59776 27.9238
-93.59725 27.9238
-93.60132 27.92469
-93.59675 27.92471
-93.59879 27.92515
-93.82449 27.87119
-93.82414 27.87123
-93.82347 27.87386
-93.823 27.87214
-93.8225 27.87478
-93.81979 27.87552
-93.8169 27.87651
-93.81139 27.87478
-93.60687 27.91789
-93.60581 27.91068
-93.60583 27.91474
-93.6048 27.90978
-93.60429 27.91158
-93.60384 27.92061
-93.60325 27.90662
-93.60283 27.92242
-93.60232 27.92107
-93.60079 27.91749
-93.6008 27.92288
-93.60023 27.91475
-93.60031 27.9265
-93.59878 27.92425
-93.59821 27.91477
-93.59624 27.92516
-93.59569 27.91704
-93.59265 27.91886